1.980000000000000000e+02 0.000000000000000000e+00
1.973557080000000212e+02 2.069099999999999828e-01
1.955240100000000041e+02 8.325900000000002743e-01
1.926811260000000061e+02 1.817244000000000081e+00
1.889040780000000268e+02 3.028409999999999602e+00
1.841940539999999942e+02 4.397778000000000631e+00
1.785952080000000421e+02 5.921784000000000603e+00
1.721998080000000186e+02 7.578647999999999385e+00
1.651024980000000255e+02 9.323225999999998237e+00
1.573939620000000161e+02 1.110364200000000068e+01
1.491579540000000179e+02 1.287237600000000270e+01
1.404889200000000073e+02 1.459101599999999799e+01
1.314886319999999955e+02 1.621283400000000086e+01
1.222535160000000189e+02 1.768635000000000090e+01
1.128726720000000228e+02 1.896265800000000112e+01
1.034282699999999977e+02 1.999859399999999710e+01
9.399515400000001364e+01 2.076069600000000293e+01
8.464638600000000679e+01 2.122936200000000184e+01
7.545284999999999798e+01 2.139528599999999869e+01
6.649057799999999929e+01 2.126460600000000056e+01
5.784273000000000309e+01 2.084227200000000124e+01
4.958613000000000426e+01 2.013422400000000323e+01
4.179304800000001308e+01 1.915056000000000225e+01
3.452803200000000317e+01 1.790672400000000053e+01
2.785048200000000307e+01 1.642271399999999915e+01
2.180969999999999942e+01 1.472446799999999989e+01
1.644766200000000111e+01 1.284663599999999839e+01
1.180020600000000108e+01 1.083515400000000106e+01
7.908318000000000403e+00 8.737937999999999761e+00
4.794570000000000221e+00 6.593400000000000816e+00
2.453616000000000685e+00 4.460741999999999763e+00
8.763480000000001269e-01 2.442726000000000397e+00
1.384019999999999695e-01 8.660520000000000440e-01
3.247200000000000086e-02 3.908520000000000327e-01
3.960000000000000846e-04 -3.841200000000000170e-02
2.296799999999999883e-02 -2.934359999999999746e-01
9.108000000000000818e-02 -5.126220000000000221e-01
2.229480000000000073e-01 -7.078499999999999792e-01
4.195619999999999350e-01 -8.983260000000001799e-01
8.088300000000000489e-01 -1.176516000000000117e+00
1.301057999999999826e+00 -1.444608000000000114e+00
1.521629999999999816e+00 -1.547171999999999992e+00
3.990293999999999563e+00 -2.290662000000000198e+00
7.524989999999998957e+00 -2.818134000000000139e+00
1.209958199999999984e+01 -3.118301999999999907e+00
1.768793399999999849e+01 -3.194928000000000434e+00
2.424965399999999960e+01 -3.064842000000000066e+00
3.173068800000000778e+01 -2.751210000000000377e+00
4.006213200000000541e+01 -2.283336000000000254e+00
4.916260799999999875e+01 -1.694484000000000101e+00
5.893390800000000240e+01 -1.023857999999999935e+00
6.926297399999999982e+01 -3.069000000000000616e-01
8.002882799999999008e+01 4.223339999999999872e-01
9.110316600000000165e+01 1.131569999999999965e+00
1.023505559999999974e+02 1.787148000000000181e+00
1.136290319999999952e+02 2.358576000000000672e+00
1.247916780000000045e+02 2.816352000000000189e+00
1.356874200000000030e+02 3.136518000000000139e+00
1.461618180000000109e+02 3.299075999999999897e+00
1.560600359999999966e+02 3.293532000000000348e+00
1.652278320000000065e+02 3.117312000000000083e+00
1.735149240000000077e+02 2.783484000000000069e+00
1.807842960000000119e+02 2.317392000000000341e+00
1.869118020000000229e+02 1.750518000000000018e+00
1.917685439999999915e+02 1.128600000000000048e+00
1.952460180000000207e+02 5.522220000000001017e-01
1.973151179999999840e+02 1.453319999999999890e-01
1.980000000000000000e+02 0.000000000000000000e+00
