1.691999999999999886e+02 5.414399999999999769e-02
1.607399999999999807e+02 1.345140000000000002e+00
1.522800000000000011e+02 2.636136000000000035e+00
1.438199999999999932e+02 3.927131999999999845e+00
1.353599999999999852e+02 5.218127999999999211e+00
1.268999999999999915e+02 6.509123999999999022e+00
1.184399999999999835e+02 7.783199999999999008e+00
1.099799999999999898e+02 8.986211999999998312e+00
1.015199999999999960e+02 1.007755199999999896e+01
9.306000000000000227e+01 1.102676400000000001e+01
8.459999999999999432e+01 1.180677599999999750e+01
7.614000000000000057e+01 1.237359599999999915e+01
6.767999999999999261e+01 1.266800399999999982e+01
5.921999999999999176e+01 1.262739599999999918e+01
5.075999999999999801e+01 1.230083999999999911e+01
4.229999999999999716e+01 1.171879199999999877e+01
3.383999999999999631e+01 1.086771599999999793e+01
2.537999999999999901e+01 9.698544000000000054e+00
1.691999999999999815e+01 8.119907999999998793e+00
1.268999999999999950e+01 7.109783999999999438e+00
8.459999999999999076e+00 5.883084000000000202e+00
4.229999999999999538e+00 4.243535999999999753e+00
2.114999999999999769e+00 3.070979999999999599e+00
1.268999999999999906e+00 2.429711999999999872e+00
8.459999999999999742e-01 2.018555999999999795e+00
0.000000000000000000e+00 0.000000000000000000e+00
8.459999999999999742e-01 -2.018555999999999795e+00
1.268999999999999906e+00 -2.429711999999999872e+00
2.114999999999999769e+00 -3.070979999999999599e+00
4.229999999999999538e+00 -4.243535999999999753e+00
8.459999999999999076e+00 -5.883084000000000202e+00
1.268999999999999950e+01 -7.109783999999999438e+00
1.691999999999999815e+01 -8.119907999999998793e+00
2.537999999999999901e+01 -9.698544000000000054e+00
3.383999999999999631e+01 -1.086771599999999793e+01
4.229999999999999716e+01 -1.171879199999999877e+01
5.075999999999999801e+01 -1.230083999999999911e+01
5.921999999999999176e+01 -1.262739599999999918e+01
6.767999999999999261e+01 -1.266800399999999982e+01
7.614000000000000057e+01 -1.237359599999999915e+01
8.459999999999999432e+01 -1.180677599999999750e+01
9.306000000000000227e+01 -1.102676400000000001e+01
1.015199999999999960e+02 -1.007755199999999896e+01
1.099799999999999898e+02 -8.986211999999998312e+00
1.184399999999999835e+02 -7.783199999999999008e+00
1.268999999999999915e+02 -6.509123999999999022e+00
1.353599999999999852e+02 -5.218127999999999211e+00
1.438199999999999932e+02 -3.927131999999999845e+00
1.522800000000000011e+02 -2.636136000000000035e+00
1.607399999999999807e+02 -1.345140000000000002e+00
1.691999999999999886e+02 -5.414399999999999769e-02
