1.692000000000000000e+03 5.414400000000000324e-01
1.607399999999999864e+03 1.345140000000000136e+01
1.522799999999999955e+03 2.636136000000000124e+01
1.438200000000000045e+03 3.927132000000000289e+01
1.353600000000000136e+03 5.218128000000000100e+01
1.269000000000000000e+03 6.509123999999999910e+01
1.184399999999999864e+03 7.783199999999999363e+01
1.099799999999999955e+03 8.986211999999999023e+01
1.015199999999999932e+03 1.007755200000000002e+02
9.306000000000000227e+02 1.102676400000000143e+02
8.460000000000000000e+02 1.180677599999999927e+02
7.613999999999999773e+02 1.237359600000000057e+02
6.768000000000000682e+02 1.266800400000000053e+02
5.921999999999999318e+02 1.262739600000000024e+02
5.075999999999999659e+02 1.230083999999999946e+02
4.230000000000000000e+02 1.171879200000000054e+02
3.384000000000000341e+02 1.086771599999999864e+02
2.537999999999999829e+02 9.698544000000001120e+01
1.692000000000000171e+02 8.119907999999999504e+01
1.268999999999999915e+02 7.109784000000000503e+01
8.460000000000000853e+01 5.883084000000000202e+01
4.230000000000000426e+01 4.243536000000000286e+01
2.115000000000000213e+01 3.070979999999999777e+01
1.268999999999999950e+01 2.429711999999999961e+01
8.460000000000000853e+00 2.018555999999999884e+01
0.000000000000000000e+00 0.000000000000000000e+00
8.460000000000000853e+00 -2.018555999999999884e+01
1.268999999999999950e+01 -2.429711999999999961e+01
2.115000000000000213e+01 -3.070979999999999777e+01
4.230000000000000426e+01 -4.243536000000000286e+01
8.460000000000000853e+01 -5.883084000000000202e+01
1.268999999999999915e+02 -7.109784000000000503e+01
1.692000000000000171e+02 -8.119907999999999504e+01
2.537999999999999829e+02 -9.698544000000001120e+01
3.384000000000000341e+02 -1.086771599999999864e+02
4.230000000000000000e+02 -1.171879200000000054e+02
5.075999999999999659e+02 -1.230083999999999946e+02
5.921999999999999318e+02 -1.262739600000000024e+02
6.768000000000000682e+02 -1.266800400000000053e+02
7.613999999999999773e+02 -1.237359600000000057e+02
8.460000000000000000e+02 -1.180677599999999927e+02
9.306000000000000227e+02 -1.102676400000000143e+02
1.015199999999999932e+03 -1.007755200000000002e+02
1.099799999999999955e+03 -8.986211999999999023e+01
1.184399999999999864e+03 -7.783199999999999363e+01
1.269000000000000000e+03 -6.509123999999999910e+01
1.353600000000000136e+03 -5.218128000000000100e+01
1.438200000000000045e+03 -3.927132000000000289e+01
1.522799999999999955e+03 -2.636136000000000124e+01
1.607399999999999864e+03 -1.345140000000000136e+01
1.692000000000000000e+03 -5.414400000000000324e-01
