2.000084000000000233e+06 3.780000000000000000e+03
1.999210000000000000e+06 3.982000000000000000e+03
1.996591999999999767e+06 4.594000000000000000e+03
1.992234000000000233e+06 5.608000000000000909e+03
1.986144000000000000e+06 7.021999999999999091e+03
1.978331999999999767e+06 8.828000000000001819e+03
1.968812000000000000e+06 1.102000000000000000e+04
1.957598000000000000e+06 1.358600000000000000e+04
1.944714000000000000e+06 1.651400000000000000e+04
1.930180000000000000e+06 1.979200000000000000e+04
1.914020000000000000e+06 2.340600000000000000e+04
1.896264000000000000e+06 2.734200000000000364e+04
1.876944000000000000e+06 3.158200000000000000e+04
1.856092000000000000e+06 3.610800000000000728e+04
1.833744000000000233e+06 4.090400000000000000e+04
1.809938000000000000e+06 4.594999999999999272e+04
1.784720000000000000e+06 5.122800000000000000e+04
1.758129999999999767e+06 5.671800000000000000e+04
1.730214000000000000e+06 6.240000000000000000e+04
1.701024000000000000e+06 6.825399999999998545e+04
1.670610000000000000e+06 7.426000000000000000e+04
1.639022000000000000e+06 8.039600000000000000e+04
1.606320000000000000e+06 8.664200000000000000e+04
1.572558000000000000e+06 9.297600000000000000e+04
1.537796000000000000e+06 9.938000000000000000e+04
1.502094000000000000e+06 1.058280000000000000e+05
1.465514000000000000e+06 1.123000000000000000e+05
1.428121999999999767e+06 1.187760000000000146e+05
1.389982000000000000e+06 1.252300000000000000e+05
1.351162000000000000e+06 1.316400000000000291e+05
1.311728000000000000e+06 1.379820000000000000e+05
1.271748000000000000e+06 1.442320000000000000e+05
1.231296000000000000e+06 1.503660000000000000e+05
1.190438000000000000e+06 1.563580000000000000e+05
1.149248000000000000e+06 1.621820000000000000e+05
1.107798000000000000e+06 1.678119999999999709e+05
1.066158000000000000e+06 1.732240000000000000e+05
1.024404000000000000e+06 1.783860000000000000e+05
9.826080000000001164e+05 1.832740000000000000e+05
9.408400000000000000e+05 1.878620000000000000e+05
8.991759999999998836e+05 1.921200000000000000e+05
8.576859999999998836e+05 1.960240000000000000e+05
8.164460000000000000e+05 1.995460000000000000e+05
7.755260000000001164e+05 2.026640000000000291e+05
7.349960000000000000e+05 2.053520000000000000e+05
6.949280000000000000e+05 2.075880000000000000e+05
6.553940000000000000e+05 2.093520000000000000e+05
6.164600000000000000e+05 2.106220000000000000e+05
5.781940000000000000e+05 2.113819999999999709e+05
5.406640000000000000e+05 2.116200000000000000e+05
5.039360000000000582e+05 2.113200000000000291e+05
4.680720000000000000e+05 2.104740000000000000e+05
4.331380000000000582e+05 2.090740000000000000e+05
3.991600000000000000e+05 2.071160000000000000e+05
3.656920000000000000e+05 2.045619999999999709e+05
3.327020000000000000e+05 2.012860000000000000e+05
3.003739999999999418e+05 1.971780000000000000e+05
2.688980000000000000e+05 1.921560000000000000e+05
2.384600000000000000e+05 1.861680000000000000e+05
2.092459999999999709e+05 1.791940000000000000e+05
1.814359999999999709e+05 1.712500000000000000e+05
1.551940000000000000e+05 1.623760000000000000e+05
1.306740000000000000e+05 1.526440000000000000e+05
1.080120000000000000e+05 1.421520000000000000e+05
8.731600000000000000e+04 1.310099999999999854e+05
6.868000000000000000e+04 1.193440000000000146e+05
5.216800000000000000e+04 1.072880000000000000e+05
3.782600000000000000e+04 9.497600000000000000e+04
2.567200000000000000e+04 8.253800000000000000e+04
1.570999999999999818e+04 7.009200000000000000e+04
7.922000000000000909e+03 5.774400000000000000e+04
2.274000000000000000e+03 4.558799999999999272e+04
-1.280000000000000000e+03 3.369600000000000000e+04
-2.798000000000000000e+03 2.211600000000000000e+04
-2.346000000000000000e+03 1.088000000000000000e+04
0.000000000000000000e+00 0.000000000000000000e+00
4.100000000000000909e+03 -1.034600000000000000e+04
9.812000000000000000e+03 -1.999600000000000000e+04
1.705200000000000000e+04 -2.898400000000000000e+04
2.573400000000000000e+04 -3.735800000000000728e+04
3.578400000000000728e+04 -4.516800000000000000e+04
4.712400000000000000e+04 -5.247400000000000000e+04
5.968799999999999272e+04 -5.933399999999999272e+04
7.342200000000000000e+04 -6.580600000000000000e+04
8.827799999999998545e+04 -7.194800000000000000e+04
1.042300000000000000e+05 -7.781000000000000000e+04
1.212600000000000000e+05 -8.344000000000000000e+04
1.393760000000000000e+05 -8.888000000000000000e+04
1.585959999999999709e+05 -9.416800000000000000e+04
1.789640000000000000e+05 -9.932800000000000000e+04
2.005300000000000000e+05 -1.043840000000000000e+05
2.233660000000000000e+05 -1.093460000000000000e+05
2.475499999999999709e+05 -1.142180000000000000e+05
2.731660000000000000e+05 -1.189900000000000000e+05
3.003000000000000000e+05 -1.236340000000000000e+05
3.290380000000000000e+05 -1.281060000000000000e+05
3.594600000000000000e+05 -1.323419999999999709e+05
3.916420000000000000e+05 -1.362460000000000000e+05
4.254360000000000000e+05 -1.396979999999999709e+05
4.602740000000000000e+05 -1.426400000000000000e+05
4.960640000000000000e+05 -1.450680000000000000e+05
5.327440000000000000e+05 -1.469900000000000000e+05
5.702479999999998836e+05 -1.484100000000000000e+05
6.085100000000000000e+05 -1.493380000000000000e+05
6.474620000000000000e+05 -1.497880000000000000e+05
6.870380000000000000e+05 -1.497720000000000000e+05
7.271640000000000000e+05 -1.493080000000000000e+05
7.677720000000000000e+05 -1.484119999999999709e+05
8.087919999999998836e+05 -1.471020000000000000e+05
8.501460000000000000e+05 -1.454040000000000000e+05
8.917680000000000000e+05 -1.433359999999999709e+05
9.335799999999998836e+05 -1.409200000000000000e+05
9.755080000000000000e+05 -1.381820000000000000e+05
1.017479999999999884e+06 -1.351439999999999709e+05
1.059422000000000000e+06 -1.318280000000000000e+05
1.101260000000000000e+06 -1.282620000000000000e+05
1.142918000000000233e+06 -1.244660000000000000e+05
1.184323999999999767e+06 -1.204660000000000146e+05
1.225406000000000000e+06 -1.162839999999999854e+05
1.266092000000000000e+06 -1.119420000000000000e+05
1.306306000000000000e+06 -1.074620000000000000e+05
1.345982000000000000e+06 -1.028680000000000000e+05
1.385048000000000000e+06 -9.817800000000000000e+04
1.423436000000000000e+06 -9.341400000000000000e+04
1.461078000000000233e+06 -8.859599999999998545e+04
1.497906000000000000e+06 -8.374400000000000000e+04
1.533858000000000000e+06 -7.887800000000000000e+04
1.568870000000000000e+06 -7.401600000000000000e+04
1.602878000000000000e+06 -6.917800000000000000e+04
1.635826000000000000e+06 -6.438199999999999272e+04
1.667651999999999767e+06 -5.964600000000000000e+04
1.698302000000000000e+06 -5.498800000000000000e+04
1.727722000000000000e+06 -5.043000000000000000e+04
1.755862000000000000e+06 -4.598600000000000000e+04
1.782668000000000000e+06 -4.167400000000000000e+04
1.808096000000000000e+06 -3.751600000000000000e+04
1.832100000000000233e+06 -3.352400000000000000e+04
1.854638000000000000e+06 -2.972000000000000000e+04
1.875669999999999767e+06 -2.611800000000000000e+04
1.895158000000000000e+06 -2.273600000000000000e+04
1.913070000000000000e+06 -1.958800000000000000e+04
1.929374000000000000e+06 -1.669000000000000000e+04
1.944038000000000000e+06 -1.405600000000000182e+04
1.957040000000000000e+06 -1.170000000000000182e+04
1.968356000000000000e+06 -9.632000000000000000e+03
1.977964000000000000e+06 -7.864000000000000000e+03
1.985848000000000000e+06 -6.404000000000000000e+03
1.991994000000000233e+06 -5.260000000000000000e+03
1.996394000000000000e+06 -4.438000000000000000e+03
1.999036000000000000e+06 -3.943999999999999545e+03
1.999916000000000000e+06 -3.780000000000000000e+03
