1.000000000000000000e+03 -0.000000000000000000e+00
9.990130000000000337e+02 1.430000000000000160e-01
9.960570000000000164e+02 5.720000000000000639e-01
9.911440000000000055e+02 1.280000000000000027e+00
9.842919999999999163e+02 2.259999999999999787e+00
9.755279999999999063e+02 3.501000000000000334e+00
9.648879999999999200e+02 4.989999999999999325e+00
9.524139999999999873e+02 6.709999999999999964e+00
9.381530000000000200e+02 8.642999999999998906e+00
9.221639999999999873e+02 1.076999999999999957e+01
9.045079999999999245e+02 1.307099999999999973e+01
8.852569999999999482e+02 1.552299999999999969e+01
8.644840000000000373e+02 1.810600000000000165e+01
8.422740000000000009e+02 2.079500000000000171e+01
8.187119999999999891e+02 2.356899999999999906e+01
7.938929999999999154e+02 2.640500000000000114e+01
7.679130000000000109e+02 2.927899999999999991e+01
7.408769999999999527e+02 3.216799999999999926e+01
7.128899999999999864e+02 3.504800000000000182e+01
6.840619999999998981e+02 3.789600000000000080e+01
6.545079999999999245e+02 4.068599999999999994e+01
6.243450000000000273e+02 4.339400000000000546e+01
5.936909999999999172e+02 4.599199999999999733e+01
5.626670000000000300e+02 4.845499999999999829e+01
5.313949999999999818e+02 5.075399999999999778e+01
5.000000000000000000e+02 5.286200000000000188e+01
4.686050000000000182e+02 5.474900000000000233e+01
4.373330000000000268e+02 5.639000000000000057e+01
4.063089999999999691e+02 5.775500000000000256e+01
3.756550000000000296e+02 5.881900000000000261e+01
3.454920000000000186e+02 5.955700000000000216e+01
3.159379999999999882e+02 5.994700000000000273e+01
2.871099999999999568e+02 5.997099999999999653e+01
2.591229999999999905e+02 5.961399999999999721e+01
2.320869999999999891e+02 5.886299999999999955e+01
2.061069999999999993e+02 5.771199999999999619e+01
1.812880000000000109e+02 5.615899999999999892e+01
1.577259999999999991e+02 5.420599999999999596e+01
1.355159999999999911e+02 5.186200000000000188e+01
1.147429999999999950e+02 4.913799999999999812e+01
9.549199999999999022e+01 4.604899999999999949e+01
7.783599999999999852e+01 4.261500000000000199e+01
6.184700000000000131e+01 3.885899999999999466e+01
4.758600000000000563e+01 3.480299999999999727e+01
3.511199999999999477e+01 3.047299999999999898e+01
2.447200000000000131e+01 2.589300000000000068e+01
1.570800000000000018e+01 2.108799999999999741e+01
8.855999999999999872e+00 1.607799999999999940e+01
3.943000000000000504e+00 1.088400000000000034e+01
9.869999999999999885e-01 5.520999999999999908e+00
0.000000000000000000e+00 0.000000000000000000e+00
9.869999999999999885e-01 -5.520999999999999908e+00
3.943000000000000504e+00 -1.088400000000000034e+01
8.855999999999999872e+00 -1.607799999999999940e+01
1.570800000000000018e+01 -2.108799999999999741e+01
2.447200000000000131e+01 -2.589300000000000068e+01
3.511199999999999477e+01 -3.047299999999999898e+01
4.758600000000000563e+01 -3.480299999999999727e+01
6.184700000000000131e+01 -3.885899999999999466e+01
7.783599999999999852e+01 -4.261500000000000199e+01
9.549199999999999022e+01 -4.604899999999999949e+01
1.147429999999999950e+02 -4.913799999999999812e+01
1.355159999999999911e+02 -5.186200000000000188e+01
1.577259999999999991e+02 -5.420599999999999596e+01
1.812880000000000109e+02 -5.615899999999999892e+01
2.061069999999999993e+02 -5.771199999999999619e+01
2.320869999999999891e+02 -5.886299999999999955e+01
2.591229999999999905e+02 -5.961399999999999721e+01
2.871099999999999568e+02 -5.997099999999999653e+01
3.159379999999999882e+02 -5.994700000000000273e+01
3.454920000000000186e+02 -5.955700000000000216e+01
3.756550000000000296e+02 -5.881900000000000261e+01
4.063089999999999691e+02 -5.775500000000000256e+01
4.373330000000000268e+02 -5.639000000000000057e+01
4.686050000000000182e+02 -5.474900000000000233e+01
5.000000000000000000e+02 -5.286200000000000188e+01
5.313949999999999818e+02 -5.075399999999999778e+01
5.626670000000000300e+02 -4.845499999999999829e+01
5.936909999999999172e+02 -4.599199999999999733e+01
6.243450000000000273e+02 -4.339400000000000546e+01
6.545079999999999245e+02 -4.068599999999999994e+01
6.840619999999998981e+02 -3.789600000000000080e+01
7.128899999999999864e+02 -3.504800000000000182e+01
7.408769999999999527e+02 -3.216799999999999926e+01
7.679130000000000109e+02 -2.927899999999999991e+01
7.938929999999999154e+02 -2.640500000000000114e+01
8.187119999999999891e+02 -2.356899999999999906e+01
8.422740000000000009e+02 -2.079500000000000171e+01
8.644840000000000373e+02 -1.810600000000000165e+01
8.852569999999999482e+02 -1.552299999999999969e+01
9.045079999999999245e+02 -1.307099999999999973e+01
9.221639999999999873e+02 -1.076999999999999957e+01
9.381530000000000200e+02 -8.642999999999998906e+00
9.524139999999999873e+02 -6.709999999999999964e+00
9.648879999999999200e+02 -4.989999999999999325e+00
9.755279999999999063e+02 -3.501000000000000334e+00
9.842919999999999163e+02 -2.259999999999999787e+00
9.911440000000000055e+02 -1.280000000000000027e+00
9.960570000000000164e+02 -5.720000000000000639e-01
9.990130000000000337e+02 -1.430000000000000160e-01
1.000000000000000000e+03 0.000000000000000000e+00
